topic 0 :
dna=0.06734026605985655
cell=0.03700087782602959
decitabine=0.03562216460258074
gene=0.019463470996936044
tumor=0.018850191192585623
cancer=0.018368402012503757
methylation=0.018178664447114502
dnmt=0.016425160319073095
inhibitor=0.013482580548095114
tumour=0.012746782482316357
suppressor=0.012560939615944214
effect=0.012300098929376327
inhibit=0.012080618231727949
drug=0.011709816454341018
methyltransferase=0.011502422168155524
agent=0.011116468301421626
use=0.009718721280455245
bind=0.009291554107801919
replication=0.008864246370383196
demethylating=0.008168362888087444

topic 1 :
cell=0.045793608597911054
epigenetic=0.04496728522180616
period=0.04393336930895855
development=0.027689489159471364
methylation=0.027062198022577158
sensitive=0.02658800087515504
drug=0.020281581369558873
dna=0.02027107266723425
mark=0.019308842080096332
change=0.016173094344854987
effect=0.015555017528754338
germ=0.013218315980141867
alter=0.01219810038904289
patient=0.0111886592672429
early=0.010125915552342596
would=0.00943990853652349
epigenome=0.008090527277760363
treatment=0.007830994501840582
reprogramming=0.007819079071412847

topic 2 :
igf=0.06249655022797362
allele=0.049274953025205015
imprint=0.03512852400883678
maternal=0.0314840478073259
paternal=0.02837707124860572
gene=0.027881032337592097
expression=0.027849591021790455
icr=0.027263112647319374
growth=0.022983822601341023
enhancer=0.02269427881611331
bind=0.021085065092704955
ctcf=0.020325731629847542
methylated=0.02004505992486342
express=0.018690016084768488
control=0.013614706332540751
region=0.013261248790669547
cluster=0.01200248086065055
promote=0.010896996814929767
methylation=0.01060187733520617
tumor=0.010249788416004282

topic 3 :
gene=0.0434110181268759
cpg=0.034738680023643026
methylation=0.031404228803443505
cancer=0.030414319542648383
island=0.030066390007779602
region=0.02537371320385331
cell=0.024577807108655165
dna=0.020921217232313896
silence=0.018054880931103086
element=0.017343406179161663
repetitive=0.015369600149151228
promoter=0.015234355668192166
intergenic=0.014226353100156054
normal=0.012686217757454949
tumor=0.011367288626113588
genomic=0.011268269122805595
lead=0.01120228397013677
methylated=0.011066084351843105
suppressor=0.010527723553855594
genome=0.010524673078026328