{"doc_topic": [[0.015068493150684932, 0.0013698630136986301, 0.015068493150684932, 0.0013698630136986301, 0.0013698630136986301, 0.0013698630136986301, 0.0013698630136986301, 0.0013698630136986301, 0.0013698630136986301, 0.06986301369863013, 0.04246575342465753, 0.0013698630136986301, 0.0013698630136986301, 0.056164383561643834, 0.0013698630136986301, 0.6589041095890411, 0.0013698630136986301, 0.0013698630136986301, 0.12465753424657534, 0.0013698630136986301], [0.0013698630136986306, 0.0013698630136986306, 0.05616438356164384, 0.0013698630136986306, 0.0013698630136986306, 0.0013698630136986306, 0.0013698630136986306, 0.0013698630136986306, 0.0013698630136986306, 0.0013698630136986306, 0.0013698630136986306, 0.02876712328767124, 0.0013698630136986306, 0.27534246575342475, 0.0013698630136986306, 0.6178082191780824, 0.0013698630136986306, 0.0013698630136986306, 0.0013698630136986306, 0.0013698630136986306], [0.0017241379310344827, 0.0017241379310344827, 0.0017241379310344827, 0.01896551724137931, 0.0017241379310344827, 0.0017241379310344827, 0.0017241379310344827, 0.0017241379310344827, 0.0017241379310344827, 0.0017241379310344827, 0.01896551724137931, 0.29482758620689653, 0.0017241379310344827, 0.0017241379310344827, 0.0017241379310344827, 0.5017241379310344, 0.0879310344827586, 0.05344827586206896, 0.0017241379310344827, 0.0017241379310344827], [0.021428571428571432, 0.0010204081632653064, 0.2663265306122449, 0.0010204081632653064, 0.0010204081632653064, 0.0010204081632653064, 0.0010204081632653064, 0.0010204081632653064, 0.0010204081632653064, 0.01122448979591837, 0.0010204081632653064, 0.09285714285714286, 0.11326530612244899, 0.0010204081632653064, 0.01122448979591837, 0.4704081632653062, 0.0010204081632653064, 0.0010204081632653064, 0.0010204081632653064, 0.0010204081632653064], [0.0010000000000000002, 0.0010000000000000002, 0.061000000000000006, 0.0010000000000000002, 0.07100000000000001, 0.0010000000000000002, 0.0010000000000000002, 0.061000000000000006, 0.011000000000000003, 0.39100000000000007, 0.021000000000000005, 0.101, 0.0010000000000000002, 0.0010000000000000002, 0.0010000000000000002, 0.25100000000000006, 0.0010000000000000002, 0.0010000000000000002, 0.0010000000000000002, 0.021000000000000005], [0.07222222222222223, 0.0007936507936507939, 0.08015873015873018, 0.01666666666666667, 0.0007936507936507939, 0.0007936507936507939, 0.0007936507936507939, 0.0007936507936507939, 0.0007936507936507939, 0.0007936507936507939, 0.0007936507936507939, 0.0007936507936507939, 0.0007936507936507939, 0.0007936507936507939, 0.0007936507936507939, 0.5642857142857144, 0.0007936507936507939, 0.25476190476190486, 0.0007936507936507939, 0.0007936507936507939], [0.056043956043956046, 0.0010989010989010991, 0.0010989010989010991, 0.01208791208791209, 0.0010989010989010991, 0.0010989010989010991, 0.0010989010989010991, 0.0010989010989010991, 0.0010989010989010991, 0.0010989010989010991, 0.0010989010989010991, 0.0010989010989010991, 0.0010989010989010991, 0.03406593406593407, 0.15494505494505498, 0.5835164835164837, 0.0010989010989010991, 0.14395604395604397, 0.0010989010989010991, 0.0010989010989010991], [0.024444444444444442, 0.09111111111111109, 0.002222222222222222, 0.002222222222222222, 0.002222222222222222, 0.002222222222222222, 0.002222222222222222, 0.002222222222222222, 0.002222222222222222, 0.6688888888888889, 0.002222222222222222, 0.002222222222222222, 0.024444444444444442, 0.11333333333333331, 0.002222222222222222, 0.002222222222222222, 0.002222222222222222, 0.04666666666666666, 0.002222222222222222, 0.002222222222222222], [0.001470588235294118, 0.04558823529411766, 0.001470588235294118, 0.001470588235294118, 0.001470588235294118, 0.03088235294117648, 0.001470588235294118, 0.0161764705882353, 0.001470588235294118, 0.001470588235294118, 0.001470588235294118, 0.10441176470588237, 0.001470588235294118, 0.13382352941176473, 0.001470588235294118, 0.08970588235294119, 0.001470588235294118, 0.39852941176470597, 0.1632352941176471, 0.001470588235294118], [0.0023255813953488367, 0.0023255813953488367, 0.0023255813953488367, 0.0023255813953488367, 0.0023255813953488367, 0.0023255813953488367, 0.0023255813953488367, 0.0023255813953488367, 0.0023255813953488367, 0.048837209302325574, 0.07209302325581395, 0.0023255813953488367, 0.0023255813953488367, 0.0023255813953488367, 0.0023255813953488367, 0.7, 0.025581395348837205, 0.07209302325581395, 0.0023255813953488367, 0.048837209302325574], [0.0011363636363636365, 0.0011363636363636365, 0.0011363636363636365, 0.023863636363636365, 0.035227272727272725, 0.0011363636363636365, 0.0011363636363636365, 0.0011363636363636365, 0.0011363636363636365, 0.0011363636363636365, 0.0011363636363636365, 0.023863636363636365, 0.0011363636363636365, 0.16022727272727272, 0.0011363636363636365, 0.035227272727272725, 0.2056818181818182, 0.5011363636363636, 0.0011363636363636365, 0.0011363636363636365], [0.1768518518518519, 0.0009259259259259261, 0.03796296296296296, 0.0009259259259259261, 0.0009259259259259261, 0.0009259259259259261, 0.0009259259259259261, 0.019444444444444448, 0.0009259259259259261, 0.0009259259259259261, 0.010185185185185188, 0.0009259259259259261, 0.0009259259259259261, 0.0009259259259259261, 0.0009259259259259261, 0.07500000000000001, 0.03796296296296296, 0.6305555555555555, 0.0009259259259259261, 0.0009259259259259261], [0.0021276595744680847, 0.0021276595744680847, 0.17234042553191486, 0.0021276595744680847, 0.0021276595744680847, 0.0021276595744680847, 0.06595744680851064, 0.0021276595744680847, 0.023404255319148935, 0.0021276595744680847, 0.0021276595744680847, 0.08723404255319146, 0.0021276595744680847, 0.0021276595744680847, 0.0021276595744680847, 0.6191489361702127, 0.0021276595744680847, 0.0021276595744680847, 0.0021276595744680847, 0.0021276595744680847], [0.0014925373134328363, 0.0164179104477612, 0.18059701492537317, 0.04626865671641792, 0.0014925373134328363, 0.0014925373134328363, 0.0014925373134328363, 0.0014925373134328363, 0.0014925373134328363, 0.04626865671641792, 0.0014925373134328363, 0.10597014925373135, 0.0014925373134328363, 0.0014925373134328363, 0.0014925373134328363, 0.5089552238805971, 0.061194029850746276, 0.0014925373134328363, 0.0164179104477612, 0.0014925373134328363], [0.09652173913043478, 0.0008695652173913044, 0.0008695652173913044, 0.00956521739130435, 0.0008695652173913044, 0.0008695652173913044, 0.0008695652173913044, 0.0008695652173913044, 0.0008695652173913044, 0.0008695652173913044, 0.0008695652173913044, 0.00956521739130435, 0.0008695652173913044, 0.4617391304347826, 0.0008695652173913044, 0.0008695652173913044, 0.14, 0.26173913043478264, 0.00956521739130435, 0.0008695652173913044], [0.0015873015873015873, 0.0015873015873015873, 0.0015873015873015873, 0.049206349206349205, 0.0015873015873015873, 0.01746031746031746, 0.0015873015873015873, 0.049206349206349205, 0.0015873015873015873, 0.5888888888888888, 0.0015873015873015873, 0.0015873015873015873, 0.0015873015873015873, 0.049206349206349205, 0.0015873015873015873, 0.19206349206349205, 0.03333333333333333, 0.0015873015873015873, 0.0015873015873015873, 0.0015873015873015873], [0.0023809523809523807, 0.0023809523809523807, 0.0023809523809523807, 0.0023809523809523807, 0.0023809523809523807, 0.0023809523809523807, 0.0023809523809523807, 0.0023809523809523807, 0.0023809523809523807, 0.0738095238095238, 0.0023809523809523807, 0.0023809523809523807, 0.0023809523809523807, 0.0023809523809523807, 0.0023809523809523807, 0.8833333333333332, 0.0023809523809523807, 0.0023809523809523807, 0.0023809523809523807, 0.0023809523809523807], [0.057303370786516865, 0.0011235955056179778, 0.40561797752809003, 0.0011235955056179778, 0.0011235955056179778, 0.0011235955056179778, 0.0011235955056179778, 0.0011235955056179778, 0.0011235955056179778, 0.06853932584269665, 0.0011235955056179778, 0.0011235955056179778, 0.012359550561797758, 0.30449438202247203, 0.0011235955056179778, 0.11348314606741576, 0.0011235955056179778, 0.023595505617977536, 0.0011235955056179778, 0.0011235955056179778], [0.0015384615384615385, 0.0015384615384615385, 0.0015384615384615385, 0.0015384615384615385, 0.0015384615384615385, 0.0015384615384615385, 0.0015384615384615385, 0.10923076923076923, 0.0015384615384615385, 0.3553846153846154, 0.016923076923076926, 0.2630769230769231, 0.0015384615384615385, 0.016923076923076926, 0.0015384615384615385, 0.0015384615384615385, 0.0015384615384615385, 0.18615384615384614, 0.016923076923076926, 0.016923076923076926], [0.001470588235294118, 0.001470588235294118, 0.001470588235294118, 0.0161764705882353, 0.001470588235294118, 0.001470588235294118, 0.001470588235294118, 0.001470588235294118, 0.03088235294117648, 0.0161764705882353, 0.001470588235294118, 0.07500000000000001, 0.001470588235294118, 0.001470588235294118, 0.001470588235294118, 0.8250000000000002, 0.001470588235294118, 0.0161764705882353, 0.001470588235294118, 0.001470588235294118], [0.08181818181818183, 0.0010101010101010105, 0.0010101010101010105, 0.0010101010101010105, 0.0010101010101010105, 0.0010101010101010105, 0.0010101010101010105, 0.011111111111111115, 0.0010101010101010105, 0.10202020202020205, 0.0010101010101010105, 0.192929292929293, 0.0010101010101010105, 0.0010101010101010105, 0.0010101010101010105, 0.5969696969696972, 0.0010101010101010105, 0.0010101010101010105, 0.0010101010101010105, 0.0010101010101010105], [0.0011627906976744186, 0.0011627906976744186, 0.0011627906976744186, 0.0011627906976744186, 0.0011627906976744186, 0.0011627906976744186, 0.0011627906976744186, 0.02441860465116279, 0.02441860465116279, 0.0011627906976744186, 0.0011627906976744186, 0.0011627906976744186, 0.0011627906976744186, 0.012790697674418606, 0.012790697674418606, 0.5941860465116279, 0.04767441860465116, 0.21046511627906977, 0.059302325581395345, 0.0011627906976744186], [0.046363636363636364, 0.0009090909090909091, 0.01, 0.0009090909090909091, 0.0009090909090909091, 0.019090909090909092, 0.0009090909090909091, 0.0009090909090909091, 0.0009090909090909091, 0.0009090909090909091, 0.01, 0.06454545454545454, 0.0009090909090909091, 0.0009090909090909091, 0.0009090909090909091, 0.4190909090909091, 0.09181818181818181, 0.3190909090909091, 0.01, 0.0009090909090909091], [0.0020833333333333333, 0.0020833333333333333, 0.0020833333333333333, 0.02291666666666667, 0.0020833333333333333, 0.0020833333333333333, 0.0020833333333333333, 0.0020833333333333333, 0.0020833333333333333, 0.27291666666666664, 0.0020833333333333333, 0.06458333333333334, 0.0020833333333333333, 0.0020833333333333333, 0.0020833333333333333, 0.5854166666666667, 0.0020833333333333333, 0.0020833333333333333, 0.02291666666666667, 0.0020833333333333333], [0.0207920792079208, 0.0009900990099009903, 0.0009900990099009903, 0.0009900990099009903, 0.07029702970297032, 0.0009900990099009903, 0.0009900990099009903, 0.010891089108910896, 0.0009900990099009903, 0.0009900990099009903, 0.0009900990099009903, 0.030693069306930703, 0.0009900990099009903, 0.0009900990099009903, 0.0009900990099009903, 0.7435643564356437, 0.0009900990099009903, 0.10990099009900993, 0.0009900990099009903, 0.0009900990099009903], [0.009734513274336285, 0.0008849557522123895, 0.0008849557522123895, 0.0008849557522123895, 0.0008849557522123895, 0.02743362831858407, 0.0008849557522123895, 0.0008849557522123895, 0.0008849557522123895, 0.0008849557522123895, 0.0008849557522123895, 0.1690265486725664, 0.0008849557522123895, 0.0008849557522123895, 0.0008849557522123895, 0.2929203539823009, 0.0008849557522123895, 0.48761061946902656, 0.0008849557522123895, 0.0008849557522123895], [0.01594202898550725, 0.0014492753623188406, 0.030434782608695653, 0.0014492753623188406, 0.0014492753623188406, 0.0014492753623188406, 0.0014492753623188406, 0.0014492753623188406, 0.0014492753623188406, 0.05942028985507246, 0.0014492753623188406, 0.0014492753623188406, 0.07391304347826086, 0.0014492753623188406, 0.0014492753623188406, 0.5086956521739131, 0.0014492753623188406, 0.24782608695652175, 0.04492753623188406, 0.0014492753623188406], [0.029807692307692316, 0.0009615384615384618, 0.11634615384615388, 0.0009615384615384618, 0.04903846153846155, 0.0009615384615384618, 0.0201923076923077, 0.0009615384615384618, 0.010576923076923081, 0.010576923076923081, 0.0009615384615384618, 0.0009615384615384618, 0.0009615384615384618, 0.36634615384615393, 0.0009615384615384618, 0.010576923076923081, 0.0009615384615384618, 0.36634615384615393, 0.010576923076923081, 0.0009615384615384618], [0.003448275862068966, 0.003448275862068966, 0.003448275862068966, 0.003448275862068966, 0.003448275862068966, 0.03793103448275863, 0.03793103448275863, 0.003448275862068966, 0.003448275862068966, 0.3482758620689655, 0.003448275862068966, 0.003448275862068966, 0.003448275862068966, 0.003448275862068966, 0.003448275862068966, 0.003448275862068966, 0.003448275862068966, 0.5206896551724138, 0.003448275862068966, 0.003448275862068966], [0.0010638297872340426, 0.0010638297872340426, 0.27765957446808515, 0.01170212765957447, 0.0010638297872340426, 0.0010638297872340426, 0.0010638297872340426, 0.01170212765957447, 0.0010638297872340426, 0.0010638297872340426, 0.0010638297872340426, 0.09680851063829787, 0.0010638297872340426, 0.054255319148936165, 0.0010638297872340426, 0.0010638297872340426, 0.03297872340425532, 0.5010638297872341, 0.0010638297872340426, 0.0010638297872340426], [0.002222222222222222, 0.002222222222222222, 0.002222222222222222, 0.002222222222222222, 0.002222222222222222, 0.002222222222222222, 0.002222222222222222, 0.002222222222222222, 0.002222222222222222, 0.002222222222222222, 0.002222222222222222, 0.002222222222222222, 0.002222222222222222, 0.002222222222222222, 0.002222222222222222, 0.6688888888888889, 0.002222222222222222, 0.29111111111111104, 0.002222222222222222, 0.002222222222222222], [0.06833333333333332, 0.0016666666666666666, 0.0016666666666666666, 0.0016666666666666666, 0.0016666666666666666, 0.0016666666666666666, 0.0016666666666666666, 0.0016666666666666666, 0.0016666666666666666, 0.0016666666666666666, 0.034999999999999996, 0.0016666666666666666, 0.0016666666666666666, 0.3516666666666666, 0.0016666666666666666, 0.0016666666666666666, 0.0016666666666666666, 0.5183333333333333, 0.0016666666666666666, 0.0016666666666666666], [0.06574074074074075, 0.0009259259259259262, 0.0009259259259259262, 0.0009259259259259262, 0.12129629629629632, 0.0009259259259259262, 0.0009259259259259262, 0.0009259259259259262, 0.0009259259259259262, 0.0009259259259259262, 0.0009259259259259262, 0.0009259259259259262, 0.0009259259259259262, 0.09351851851851854, 0.0009259259259259262, 0.01944444444444445, 0.01018518518518519, 0.639814814814815, 0.02870370370370371, 0.01018518518518519], [0.0026315789473684206, 0.055263157894736833, 0.0026315789473684206, 0.0026315789473684206, 0.0026315789473684206, 0.34473684210526306, 0.0026315789473684206, 0.0026315789473684206, 0.0026315789473684206, 0.0026315789473684206, 0.0026315789473684206, 0.0026315789473684206, 0.0026315789473684206, 0.0026315789473684206, 0.0026315789473684206, 0.0026315789473684206, 0.0026315789473684206, 0.0026315789473684206, 0.5552631578947368, 0.0026315789473684206], [0.0018518518518518517, 0.0018518518518518517, 0.0018518518518518517, 0.0018518518518518517, 0.0018518518518518517, 0.0018518518518518517, 0.0018518518518518517, 0.0018518518518518517, 0.0018518518518518517, 0.03888888888888888, 0.0018518518518518517, 0.16851851851851848, 0.0018518518518518517, 0.0018518518518518517, 0.0018518518518518517, 0.6129629629629629, 0.09444444444444443, 0.0018518518518518517, 0.0574074074074074, 0.0018518518518518517], [0.035593220338983045, 0.001694915254237288, 0.001694915254237288, 0.01864406779661017, 0.001694915254237288, 0.001694915254237288, 0.10338983050847456, 0.001694915254237288, 0.01864406779661017, 0.08644067796610168, 0.001694915254237288, 0.001694915254237288, 0.001694915254237288, 0.39152542372881355, 0.001694915254237288, 0.32372881355932204, 0.001694915254237288, 0.001694915254237288, 0.001694915254237288, 0.001694915254237288], [0.002222222222222222, 0.04666666666666666, 0.002222222222222222, 0.002222222222222222, 0.002222222222222222, 0.002222222222222222, 0.002222222222222222, 0.002222222222222222, 0.002222222222222222, 0.09111111111111109, 0.002222222222222222, 0.002222222222222222, 0.002222222222222222, 0.002222222222222222, 0.002222222222222222, 0.7799999999999999, 0.002222222222222222, 0.002222222222222222, 0.002222222222222222, 0.04666666666666666], [0.0038461538461538455, 0.0038461538461538455, 0.0038461538461538455, 0.0038461538461538455, 0.0038461538461538455, 0.042307692307692296, 0.0038461538461538455, 0.042307692307692296, 0.0038461538461538455, 0.23461538461538453, 0.0038461538461538455, 0.1192307692307692, 0.0038461538461538455, 0.1192307692307692, 0.0038461538461538455, 0.0038461538461538455, 0.31153846153846143, 0.0038461538461538455, 0.08076923076923075, 0.0038461538461538455], [0.0738095238095238, 0.0023809523809523807, 0.0023809523809523807, 0.0023809523809523807, 0.0023809523809523807, 0.0738095238095238, 0.0023809523809523807, 0.0023809523809523807, 0.0023809523809523807, 0.8119047619047618, 0.0023809523809523807, 0.0023809523809523807, 0.0023809523809523807, 0.0023809523809523807, 0.0023809523809523807, 0.0023809523809523807, 0.0023809523809523807, 0.0023809523809523807, 0.0023809523809523807, 0.0023809523809523807], [0.011827956989247313, 0.001075268817204301, 0.001075268817204301, 0.001075268817204301, 0.001075268817204301, 0.001075268817204301, 0.001075268817204301, 0.22688172043010754, 0.001075268817204301, 0.2698924731182796, 0.001075268817204301, 0.001075268817204301, 0.001075268817204301, 0.011827956989247313, 0.011827956989247313, 0.001075268817204301, 0.001075268817204301, 0.3989247311827957, 0.05483870967741935, 0.001075268817204301], [0.0011494252873563223, 0.0011494252873563223, 0.012643678160919545, 0.0011494252873563223, 0.07011494252873565, 0.0011494252873563223, 0.0011494252873563223, 0.0011494252873563223, 0.0011494252873563223, 0.08160919540229887, 0.0011494252873563223, 0.012643678160919545, 0.0011494252873563223, 0.0011494252873563223, 0.0011494252873563223, 0.8057471264367818, 0.0011494252873563223, 0.0011494252873563223, 0.0011494252873563223, 0.0011494252873563223], [0.0009433962264150943, 0.0009433962264150943, 0.27452830188679245, 0.0009433962264150943, 0.0009433962264150943, 0.010377358490566039, 0.029245283018867925, 0.0009433962264150943, 0.0009433962264150943, 0.0009433962264150943, 0.0009433962264150943, 0.05754716981132075, 0.0009433962264150943, 0.038679245283018866, 0.0009433962264150943, 0.1707547169811321, 0.14245283018867924, 0.2650943396226415, 0.0009433962264150943, 0.0009433962264150943], [0.0012048192771084343, 0.0012048192771084343, 0.0012048192771084343, 0.0012048192771084343, 0.0012048192771084343, 0.0012048192771084343, 0.0012048192771084343, 0.013253012048192776, 0.0012048192771084343, 0.0012048192771084343, 0.0012048192771084343, 0.013253012048192776, 0.0012048192771084343, 0.0012048192771084343, 0.0012048192771084343, 0.8204819277108436, 0.013253012048192776, 0.10963855421686751, 0.013253012048192776, 0.0012048192771084343], [0.0009345794392523366, 0.0009345794392523366, 0.14112149532710283, 0.0009345794392523366, 0.010280373831775703, 0.0009345794392523366, 0.038317757009345796, 0.05700934579439253, 0.0009345794392523366, 0.0009345794392523366, 0.028971962616822434, 0.0009345794392523366, 0.0009345794392523366, 0.01962616822429907, 0.0009345794392523366, 0.13177570093457946, 0.01962616822429907, 0.5242990654205608, 0.01962616822429907, 0.0009345794392523366], [0.0009615384615384616, 0.0009615384615384616, 0.21250000000000002, 0.0009615384615384616, 0.0009615384615384616, 0.0009615384615384616, 0.020192307692307693, 0.0009615384615384616, 0.02980769230769231, 0.0009615384615384616, 0.010576923076923078, 0.0009615384615384616, 0.0009615384615384616, 0.0009615384615384616, 0.0009615384615384616, 0.20288461538461539, 0.058653846153846154, 0.4432692307692308, 0.010576923076923078, 0.0009615384615384616], [0.022826086956521746, 0.0010869565217391309, 0.15326086956521742, 0.022826086956521746, 0.0010869565217391309, 0.0010869565217391309, 0.0010869565217391309, 0.03369565217391306, 0.0010869565217391309, 0.0010869565217391309, 0.0010869565217391309, 0.0010869565217391309, 0.0010869565217391309, 0.0010869565217391309, 0.0010869565217391309, 0.7510869565217393, 0.0010869565217391309, 0.0010869565217391309, 0.0010869565217391309, 0.0010869565217391309], [0.0028571428571428567, 0.0028571428571428567, 0.0028571428571428567, 0.0028571428571428567, 0.0028571428571428567, 0.0028571428571428567, 0.0028571428571428567, 0.0028571428571428567, 0.0028571428571428567, 0.2885714285714285, 0.0028571428571428567, 0.0028571428571428567, 0.0028571428571428567, 0.08857142857142855, 0.0028571428571428567, 0.5742857142857142, 0.0028571428571428567, 0.0028571428571428567, 0.0028571428571428567, 0.0028571428571428567], [0.00852713178294574, 0.0007751937984496126, 0.0007751937984496126, 0.0007751937984496126, 0.02403100775193799, 0.0007751937984496126, 0.0007751937984496126, 0.06279069767441861, 0.0007751937984496126, 0.24883720930232564, 0.0007751937984496126, 0.016279069767441864, 0.0007751937984496126, 0.6131782945736435, 0.0007751937984496126, 0.0007751937984496126, 0.016279069767441864, 0.0007751937984496126, 0.0007751937984496126, 0.0007751937984496126], [0.002439024390243902, 0.002439024390243902, 0.002439024390243902, 0.026829268292682923, 0.002439024390243902, 0.002439024390243902, 0.002439024390243902, 0.002439024390243902, 0.002439024390243902, 0.002439024390243902, 0.002439024390243902, 0.002439024390243902, 0.002439024390243902, 0.002439024390243902, 0.002439024390243902, 0.9292682926829267, 0.002439024390243902, 0.002439024390243902, 0.002439024390243902, 0.002439024390243902], [0.06864406779661018, 0.0008474576271186444, 0.20423728813559328, 0.0008474576271186444, 0.0008474576271186444, 0.0008474576271186444, 0.0008474576271186444, 0.0008474576271186444, 0.04322033898305085, 0.0008474576271186444, 0.0008474576271186444, 0.0008474576271186444, 0.009322033898305087, 0.08559322033898308, 0.0008474576271186444, 0.17881355932203397, 0.0008474576271186444, 0.33983050847457635, 0.06016949152542374, 0.0008474576271186444], [0.0007462686567164182, 0.0007462686567164182, 0.0007462686567164182, 0.0007462686567164182, 0.15746268656716425, 0.0007462686567164182, 0.0007462686567164182, 0.0007462686567164182, 0.06044776119402987, 0.0007462686567164182, 0.0007462686567164182, 0.05298507462686569, 0.015671641791044782, 0.6052238805970152, 0.0007462686567164182, 0.09776119402985078, 0.0007462686567164182, 0.0007462686567164182, 0.0007462686567164182, 0.0007462686567164182], [0.0017543859649122807, 0.0017543859649122807, 0.01929824561403509, 0.0017543859649122807, 0.0017543859649122807, 0.01929824561403509, 0.0017543859649122807, 0.0017543859649122807, 0.0017543859649122807, 0.01929824561403509, 0.0017543859649122807, 0.08947368421052632, 0.0017543859649122807, 0.0368421052631579, 0.0017543859649122807, 0.0719298245614035, 0.0017543859649122807, 0.6859649122807018, 0.0017543859649122807, 0.0368421052631579], [0.31492537313432845, 0.0014925373134328363, 0.0014925373134328363, 0.0014925373134328363, 0.0164179104477612, 0.0014925373134328363, 0.0014925373134328363, 0.031343283582089564, 0.0014925373134328363, 0.0014925373134328363, 0.0014925373134328363, 0.0014925373134328363, 0.04626865671641792, 0.0014925373134328363, 0.10597014925373135, 0.40447761194029863, 0.061194029850746276, 0.0014925373134328363, 0.0014925373134328363, 0.0014925373134328363], [0.0016666666666666668, 0.0016666666666666668, 0.10166666666666666, 0.0016666666666666668, 0.08499999999999999, 0.08499999999999999, 0.018333333333333333, 0.018333333333333333, 0.0016666666666666668, 0.4683333333333334, 0.0016666666666666668, 0.20166666666666666, 0.0016666666666666668, 0.0016666666666666668, 0.0016666666666666668, 0.0016666666666666668, 0.0016666666666666668, 0.0016666666666666668, 0.0016666666666666668, 0.0016666666666666668], [0.0007575757575757576, 0.06893939393939394, 0.13712121212121214, 0.0007575757575757576, 0.08409090909090909, 0.0007575757575757576, 0.03106060606060606, 0.0007575757575757576, 0.0007575757575757576, 0.20530303030303032, 0.0007575757575757576, 0.0007575757575757576, 0.023484848484848487, 0.038636363636363635, 0.0007575757575757576, 0.0007575757575757576, 0.023484848484848487, 0.3795454545454546, 0.0007575757575757576, 0.0007575757575757576], [0.0008928571428571429, 0.01875, 0.43839285714285714, 0.0008928571428571429, 0.0008928571428571429, 0.0008928571428571429, 0.0008928571428571429, 0.0008928571428571429, 0.0008928571428571429, 0.15267857142857144, 0.0008928571428571429, 0.0008928571428571429, 0.0008928571428571429, 0.045535714285714284, 0.0008928571428571429, 0.0008928571428571429, 0.0008928571428571429, 0.33125, 0.0008928571428571429, 0.0008928571428571429], [0.0008333333333333336, 0.0008333333333333336, 0.20916666666666672, 0.0008333333333333336, 0.0008333333333333336, 0.0008333333333333336, 0.017500000000000005, 0.0008333333333333336, 0.0008333333333333336, 0.11750000000000002, 0.0008333333333333336, 0.0008333333333333336, 0.0008333333333333336, 0.0008333333333333336, 0.0008333333333333336, 0.18416666666666673, 0.0008333333333333336, 0.3758333333333334, 0.08416666666666668, 0.0008333333333333336], [0.0011627906976744188, 0.0011627906976744188, 0.047674418604651166, 0.0011627906976744188, 0.0011627906976744188, 0.0011627906976744188, 0.0011627906976744188, 0.0011627906976744188, 0.0011627906976744188, 0.10581395348837211, 0.0011627906976744188, 0.0011627906976744188, 0.0011627906976744188, 0.0011627906976744188, 0.0011627906976744188, 0.03604651162790699, 0.0011627906976744188, 0.7918604651162792, 0.0011627906976744188, 0.0011627906976744188], [0.0024999999999999996, 0.0024999999999999996, 0.0024999999999999996, 0.0024999999999999996, 0.0024999999999999996, 0.0024999999999999996, 0.07749999999999999, 0.0024999999999999996, 0.0024999999999999996, 0.0024999999999999996, 0.0024999999999999996, 0.0024999999999999996, 0.027499999999999997, 0.0024999999999999996, 0.027499999999999997, 0.8274999999999999, 0.0024999999999999996, 0.0024999999999999996, 0.0024999999999999996, 0.0024999999999999996], [0.012222222222222225, 0.0011111111111111113, 0.10111111111111112, 0.0011111111111111113, 0.0011111111111111113, 0.012222222222222225, 0.012222222222222225, 0.0788888888888889, 0.0011111111111111113, 0.03444444444444445, 0.0011111111111111113, 0.11222222222222224, 0.0011111111111111113, 0.0011111111111111113, 0.0011111111111111113, 0.0011111111111111113, 0.0011111111111111113, 0.6233333333333334, 0.0011111111111111113, 0.0011111111111111113], [0.0011235955056179776, 0.0011235955056179776, 0.0011235955056179776, 0.0011235955056179776, 0.046067415730337076, 0.0011235955056179776, 0.0011235955056179776, 0.012359550561797755, 0.0011235955056179776, 0.0011235955056179776, 0.0011235955056179776, 0.06853932584269662, 0.0011235955056179776, 0.4280898876404495, 0.0011235955056179776, 0.0011235955056179776, 0.0011235955056179776, 0.4280898876404495, 0.0011235955056179776, 0.0011235955056179776], [0.0013698630136986301, 0.0013698630136986301, 0.0013698630136986301, 0.0013698630136986301, 0.0013698630136986301, 0.0013698630136986301, 0.0013698630136986301, 0.0013698630136986301, 0.015068493150684932, 0.0013698630136986301, 0.0013698630136986301, 0.0013698630136986301, 0.04246575342465753, 0.289041095890411, 0.0013698630136986301, 0.0013698630136986301, 0.0013698630136986301, 0.6315068493150685, 0.0013698630136986301, 0.0013698630136986301], [0.00101010101010101, 0.00101010101010101, 0.021212121212121213, 0.00101010101010101, 0.031313131313131314, 0.00101010101010101, 0.021212121212121213, 0.00101010101010101, 0.00101010101010101, 0.35454545454545455, 0.00101010101010101, 0.06161616161616161, 0.06161616161616161, 0.24343434343434345, 0.00101010101010101, 0.00101010101010101, 0.00101010101010101, 0.16262626262626265, 0.00101010101010101, 0.031313131313131314], [0.003448275862068965, 0.003448275862068965, 0.07241379310344827, 0.003448275862068965, 0.003448275862068965, 0.003448275862068965, 0.003448275862068965, 0.003448275862068965, 0.003448275862068965, 0.31379310344827577, 0.003448275862068965, 0.003448275862068965, 0.003448275862068965, 0.003448275862068965, 0.003448275862068965, 0.5551724137931033, 0.003448275862068965, 0.003448275862068965, 0.003448275862068965, 0.003448275862068965], [0.0016129032258064516, 0.0016129032258064516, 0.08225806451612902, 0.017741935483870968, 0.14677419354838708, 0.0016129032258064516, 0.0016129032258064516, 0.08225806451612902, 0.0016129032258064516, 0.5822580645161289, 0.0016129032258064516, 0.0016129032258064516, 0.0016129032258064516, 0.0661290322580645, 0.0016129032258064516, 0.0016129032258064516, 0.0016129032258064516, 0.0016129032258064516, 0.0016129032258064516, 0.0016129032258064516], [0.07232142857142856, 0.009821428571428573, 0.0008928571428571429, 0.03660714285714285, 0.10803571428571428, 0.03660714285714285, 0.0008928571428571429, 0.01875, 0.0008928571428571429, 0.2955357142857143, 0.0008928571428571429, 0.0008928571428571429, 0.0008928571428571429, 0.17946428571428572, 0.0008928571428571429, 0.1973214285714286, 0.0008928571428571429, 0.0008928571428571429, 0.03660714285714285, 0.0008928571428571429], [0.10000000000000002, 0.001234567901234568, 0.18641975308641978, 0.001234567901234568, 0.001234567901234568, 0.001234567901234568, 0.001234567901234568, 0.001234567901234568, 0.001234567901234568, 0.3222222222222223, 0.001234567901234568, 0.001234567901234568, 0.001234567901234568, 0.06296296296296297, 0.001234567901234568, 0.2728395061728396, 0.038271604938271614, 0.001234567901234568, 0.001234567901234568, 0.001234567901234568], [0.012500000000000004, 0.012500000000000004, 0.012500000000000004, 0.012500000000000004, 0.012500000000000004, 0.012500000000000004, 0.012500000000000004, 0.6375000000000001, 0.012500000000000004, 0.012500000000000004, 0.012500000000000004, 0.012500000000000004, 0.012500000000000004, 0.012500000000000004, 0.012500000000000004, 0.012500000000000004, 0.012500000000000004, 0.13750000000000004, 0.012500000000000004, 0.012500000000000004], [0.0732142857142857, 0.0017857142857142857, 0.1089285714285714, 0.0017857142857142857, 0.0375, 0.0017857142857142857, 0.0017857142857142857, 0.0017857142857142857, 0.0017857142857142857, 0.0017857142857142857, 0.0017857142857142857, 0.0017857142857142857, 0.0017857142857142857, 0.0017857142857142857, 0.0017857142857142857, 0.7160714285714285, 0.0375, 0.0017857142857142857, 0.0017857142857142857, 0.0017857142857142857], [0.0009345794392523365, 0.0009345794392523365, 0.197196261682243, 0.010280373831775701, 0.0009345794392523365, 0.0009345794392523365, 0.0009345794392523365, 0.0009345794392523365, 0.0009345794392523365, 0.0009345794392523365, 0.0009345794392523365, 0.17850467289719626, 0.0009345794392523365, 0.0009345794392523365, 0.0009345794392523365, 0.36542056074766355, 0.010280373831775701, 0.2252336448598131, 0.0009345794392523365, 0.0009345794392523365], [0.0171875, 0.0015625, 0.0015625, 0.0015625, 0.0015625, 0.0015625, 0.0015625, 0.0015625, 0.0015625, 0.4234375, 0.0015625, 0.0015625, 0.0015625, 0.0015625, 0.0015625, 0.1421875, 0.0015625, 0.3921875, 0.0015625, 0.0015625], [0.0015384615384615385, 0.0015384615384615385, 0.0015384615384615385, 0.0015384615384615385, 0.0015384615384615385, 0.0015384615384615385, 0.0015384615384615385, 0.0015384615384615385, 0.0015384615384615385, 0.29384615384615387, 0.0015384615384615385, 0.0015384615384615385, 0.0015384615384615385, 0.0015384615384615385, 0.0015384615384615385, 0.0015384615384615385, 0.0015384615384615385, 0.6784615384615384, 0.0015384615384615385, 0.0015384615384615385], [0.0010526315789473686, 0.011578947368421055, 0.1378947368421053, 0.0010526315789473686, 0.0010526315789473686, 0.0010526315789473686, 0.0010526315789473686, 0.03263157894736843, 0.0010526315789473686, 0.022105263157894742, 0.0010526315789473686, 0.06421052631578948, 0.0010526315789473686, 0.11684210526315791, 0.0010526315789473686, 0.0010526315789473686, 0.0010526315789473686, 0.6010526315789475, 0.0010526315789473686, 0.0010526315789473686], [0.0009615384615384618, 0.010576923076923081, 0.5105769230769233, 0.0009615384615384618, 0.0009615384615384618, 0.0009615384615384618, 0.0009615384615384618, 0.08750000000000002, 0.0009615384615384618, 0.0009615384615384618, 0.0009615384615384618, 0.0009615384615384618, 0.010576923076923081, 0.12596153846153849, 0.0009615384615384618, 0.0009615384615384618, 0.010576923076923081, 0.2317307692307693, 0.0009615384615384618, 0.0009615384615384618], [0.001923076923076923, 0.001923076923076923, 0.001923076923076923, 0.001923076923076923, 0.001923076923076923, 0.001923076923076923, 0.02115384615384615, 0.001923076923076923, 0.001923076923076923, 0.001923076923076923, 0.001923076923076923, 0.04038461538461538, 0.001923076923076923, 0.02115384615384615, 0.001923076923076923, 0.848076923076923, 0.001923076923076923, 0.04038461538461538, 0.001923076923076923, 0.001923076923076923], [0.001149425287356322, 0.17356321839080463, 0.001149425287356322, 0.001149425287356322, 0.001149425287356322, 0.001149425287356322, 0.001149425287356322, 0.001149425287356322, 0.001149425287356322, 0.1505747126436782, 0.001149425287356322, 0.001149425287356322, 0.012643678160919544, 0.001149425287356322, 0.001149425287356322, 0.1620689655172414, 0.001149425287356322, 0.4724137931034484, 0.001149425287356322, 0.012643678160919544], [0.001282051282051282, 0.06538461538461537, 0.11666666666666667, 0.001282051282051282, 0.001282051282051282, 0.001282051282051282, 0.001282051282051282, 0.001282051282051282, 0.001282051282051282, 0.20641025641025643, 0.001282051282051282, 0.001282051282051282, 0.001282051282051282, 0.03974358974358975, 0.001282051282051282, 0.001282051282051282, 0.11666666666666667, 0.4371794871794872, 0.001282051282051282, 0.001282051282051282], [0.060169491525423724, 0.017796610169491526, 0.0008474576271186442, 0.0008474576271186442, 0.017796610169491526, 0.0008474576271186442, 0.0008474576271186442, 0.0771186440677966, 0.0008474576271186442, 0.4161016949152542, 0.0008474576271186442, 0.16186440677966102, 0.0008474576271186442, 0.051694915254237285, 0.017796610169491526, 0.0008474576271186442, 0.02627118644067797, 0.14491525423728815, 0.0008474576271186442, 0.0008474576271186442], [0.07846153846153847, 0.001538461538461539, 0.001538461538461539, 0.001538461538461539, 0.001538461538461539, 0.001538461538461539, 0.001538461538461539, 0.001538461538461539, 0.001538461538461539, 0.06307692307692309, 0.001538461538461539, 0.07846153846153847, 0.001538461538461539, 0.001538461538461539, 0.001538461538461539, 0.10923076923076924, 0.001538461538461539, 0.6476923076923079, 0.001538461538461539, 0.001538461538461539], [0.001428571428571429, 0.001428571428571429, 0.001428571428571429, 0.001428571428571429, 0.001428571428571429, 0.001428571428571429, 0.001428571428571429, 0.38714285714285723, 0.001428571428571429, 0.23000000000000007, 0.001428571428571429, 0.001428571428571429, 0.001428571428571429, 0.001428571428571429, 0.001428571428571429, 0.35857142857142865, 0.001428571428571429, 0.001428571428571429, 0.001428571428571429, 0.001428571428571429], [0.0020833333333333333, 0.0020833333333333333, 0.0020833333333333333, 0.0020833333333333333, 0.14791666666666667, 0.0020833333333333333, 0.0020833333333333333, 0.0020833333333333333, 0.0020833333333333333, 0.0020833333333333333, 0.0020833333333333333, 0.0020833333333333333, 0.0020833333333333333, 0.0020833333333333333, 0.0020833333333333333, 0.27291666666666664, 0.0020833333333333333, 0.5437500000000001, 0.0020833333333333333, 0.0020833333333333333], [0.0017241379310344827, 0.0017241379310344827, 0.01896551724137931, 0.0017241379310344827, 0.0017241379310344827, 0.0017241379310344827, 0.036206896551724134, 0.0017241379310344827, 0.0017241379310344827, 0.743103448275862, 0.0017241379310344827, 0.01896551724137931, 0.0017241379310344827, 0.0017241379310344827, 0.0017241379310344827, 0.01896551724137931, 0.0017241379310344827, 0.10517241379310342, 0.0017241379310344827, 0.036206896551724134], [0.0010752688172043013, 0.0010752688172043013, 0.03333333333333334, 0.0010752688172043013, 0.0010752688172043013, 0.0010752688172043013, 0.0010752688172043013, 0.0870967741935484, 0.0010752688172043013, 0.0010752688172043013, 0.0010752688172043013, 0.07634408602150539, 0.04408602150537635, 0.26989247311827963, 0.011827956989247315, 0.4526881720430108, 0.011827956989247315, 0.0010752688172043013, 0.0010752688172043013, 0.0010752688172043013], [0.11477272727272729, 0.0011363636363636365, 0.3420454545454546, 0.0011363636363636365, 0.0011363636363636365, 0.012500000000000002, 0.0011363636363636365, 0.012500000000000002, 0.1488636363636364, 0.09204545454545456, 0.03522727272727273, 0.0011363636363636365, 0.0011363636363636365, 0.17159090909090913, 0.05795454545454546, 0.0011363636363636365, 0.0011363636363636365, 0.0011363636363636365, 0.0011363636363636365, 0.0011363636363636365], [0.0017857142857142859, 0.0017857142857142859, 0.019642857142857146, 0.0017857142857142859, 0.0017857142857142859, 0.0017857142857142859, 0.0375, 0.0017857142857142859, 0.0017857142857142859, 0.1982142857142857, 0.0017857142857142859, 0.0017857142857142859, 0.0017857142857142859, 0.1625, 0.0017857142857142859, 0.5196428571428572, 0.0017857142857142859, 0.019642857142857146, 0.0017857142857142859, 0.019642857142857146], [0.040259740259740266, 0.001298701298701299, 0.001298701298701299, 0.001298701298701299, 0.001298701298701299, 0.001298701298701299, 0.014285714285714289, 0.001298701298701299, 0.001298701298701299, 0.5727272727272729, 0.001298701298701299, 0.001298701298701299, 0.001298701298701299, 0.001298701298701299, 0.07922077922077923, 0.001298701298701299, 0.001298701298701299, 0.19610389610389614, 0.07922077922077923, 0.001298701298701299], [0.0009708737864077671, 0.0009708737864077671, 0.030097087378640777, 0.0009708737864077671, 0.0009708737864077671, 0.0009708737864077671, 0.030097087378640777, 0.20485436893203884, 0.0009708737864077671, 0.0009708737864077671, 0.0009708737864077671, 0.0009708737864077671, 0.0009708737864077671, 0.25339805825242717, 0.0009708737864077671, 0.0009708737864077671, 0.0009708737864077671, 0.39902912621359227, 0.06893203883495146, 0.0009708737864077671], [0.0013513513513513516, 0.0013513513513513516, 0.0013513513513513516, 0.0013513513513513516, 0.09594594594594597, 0.01486486486486487, 0.0013513513513513516, 0.01486486486486487, 0.0013513513513513516, 0.0013513513513513516, 0.0013513513513513516, 0.01486486486486487, 0.0013513513513513516, 0.17702702702702705, 0.0013513513513513516, 0.21756756756756762, 0.028378378378378383, 0.42027027027027036, 0.0013513513513513516, 0.0013513513513513516], [0.0017543859649122805, 0.0017543859649122805, 0.0017543859649122805, 0.0017543859649122805, 0.0017543859649122805, 0.0017543859649122805, 0.03684210526315789, 0.0017543859649122805, 0.0017543859649122805, 0.5105263157894736, 0.0017543859649122805, 0.0017543859649122805, 0.0017543859649122805, 0.0017543859649122805, 0.0017543859649122805, 0.4052631578947368, 0.019298245614035085, 0.0017543859649122805, 0.0017543859649122805, 0.0017543859649122805], [0.0010526315789473686, 0.06421052631578948, 0.0010526315789473686, 0.0010526315789473686, 0.0010526315789473686, 0.0010526315789473686, 0.0010526315789473686, 0.011578947368421055, 0.0010526315789473686, 0.38000000000000006, 0.05368421052631579, 0.0010526315789473686, 0.0010526315789473686, 0.06421052631578948, 0.0010526315789473686, 0.41157894736842116, 0.0010526315789473686, 0.0010526315789473686, 0.0010526315789473686, 0.0010526315789473686], [0.0009708737864077672, 0.11747572815533981, 0.0009708737864077672, 0.0009708737864077672, 0.0009708737864077672, 0.0009708737864077672, 0.0009708737864077672, 0.2339805825242719, 0.000970873786