doc 0--origin score:0.00, predict score:1.11 0.49302134646962237	0.00041050903119868647	0.00041050903119868647	0.00041050903119868647	0.16461412151067326	0.3411330049261084
doc 1--origin score:1.00, predict score:1.27 0.12538699690402474	0.4504643962848297	0.001547987616099071	0.001547987616099071	0.326625386996904	0.09442724458204332
doc 2--origin score:2.00, predict score:1.76 0.0024038461538461535	0.0024038461538461535	0.9158653846153845	0.07451923076923075	0.0024038461538461535	0.0024038461538461535
doc 3--origin score:2.00, predict score:1.75 0.0012886597938144332	0.1172680412371134	0.014175257731958765	0.3105670103092784	0.014175257731958765	0.5425257731958764
doc 4--origin score:1.25, predict score:1.75 0.10590277777777776	0.07118055555555555	0.140625	0.5399305555555556	0.0017361111111111112	0.140625
doc 5--origin score:1.25, predict score:1.66 0.022633744855967076	0.45473251028806577	0.10493827160493825	0.0020576131687242796	0.0020576131687242796	0.4135802469135802
doc 6--origin score:1.75, predict score:1.70 0.04211956521739132	0.17798913043478265	0.7758152173913045	0.0013586956521739134	0.0013586956521739134	0.0013586956521739134
doc 7--origin score:2.00, predict score:1.58 0.0010683760683760683	0.26816239316239315	0.0010683760683760683	0.19337606837606838	0.1613247863247863	0.375
doc 8--origin score:2.00, predict score:1.68 0.001976284584980237	0.9901185770750986	0.001976284584980237	0.001976284584980237	0.001976284584980237	0.001976284584980237
doc 9--origin score:2.00, predict score:1.50 0.22181372549019615	0.7732843137254904	0.0012254901960784318	0.0012254901960784318	0.0012254901960784318	0.0012254901960784318
doc 10--origin score:1.00, predict score:1.70 0.003067484662576687	0.24846625766871164	0.003067484662576687	0.12576687116564417	0.003067484662576687	0.6165644171779141
doc 11--origin score:1.75, predict score:1.61 0.21557562076749434	0.001128668171557562	0.012415349887133182	0.4187358916478555	0.001128668171557562	0.3510158013544018
doc 12--origin score:2.00, predict score:1.32 0.0016501650165016502	0.0016501650165016502	0.4306930693069307	0.11716171617161715	0.4471947194719472	0.0016501650165016502
doc 13--origin score:1.75, predict score:1.68 0.0022421524663677125	0.9663677130044841	0.02466367713004484	0.0022421524663677125	0.0022421524663677125	0.0022421524663677125
doc 14--origin score:2.00, predict score:1.55 0.13822525597269625	0.03583617747440273	0.0017064846416382253	0.6160409556313994	0.20648464163822525	0.0017064846416382253
doc 15--origin score:1.50, predict score:1.55 0.0012722646310432569	0.0012722646310432569	0.4847328244274809	0.0012722646310432569	0.16666666666666666	0.34478371501272265
doc 16--origin score:1.75, predict score:1.78 0.002463054187192118	0.6428571428571428	0.002463054187192118	0.3472906403940886	0.002463054187192118	0.002463054187192118
doc 17--origin score:1.75, predict score:1.67 0.001706484641638225	0.4965870307167235	0.001706484641638225	0.37713310580204773	0.12116040955631396	0.001706484641638225
doc 18--origin score:1.75, predict score:1.80 0.0026595744680851063	0.3484042553191489	0.2686170212765957	0.375	0.0026595744680851063	0.0026595744680851063
doc 19--origin score:0.50, predict score:1.16 0.22131147540983603	0.3579234972677595	0.00273224043715847	0.00273224043715847	0.3579234972677595	0.05737704918032787
doc 20--origin score:1.75, predict score:1.42 0.37499999999999994	0.0016233766233766233	0.13149350649350647	0.1964285714285714	0.0016233766233766233	0.29383116883116883
doc 21--origin score:1.75, predict score:1.41 0.3322295805739514	0.06732891832229579	0.012141280353200883	0.06732891832229579	0.0011037527593818985	0.5198675496688742
doc 22--origin score:2.00, predict score:1.75 0.001547987616099071	0.3421052631578947	0.4504643962848297	0.14086687306501547	0.001547987616099071	0.0634674922600619
doc 23--origin score:2.00, predict score:1.81 0.001288659793814433	0.03994845360824742	0.014175257731958763	0.49097938144329895	0.001288659793814433	0.4523195876288659
doc 24--origin score:1.25, predict score:1.27 0.14122137404580154	0.09033078880407125	0.33206106870229013	0.001272264631043257	0.33206106870229013	0.10305343511450382
doc 25--origin score:2.00, predict score:1.67 0.0017985611510791368	0.09172661870503596	0.7032374100719424	0.0017985611510791368	0.05575539568345324	0.14568345323741005
doc 26--origin score:1.50, predict score:1.70 0.02892561983471074	0.33195592286501374	0.001377410468319559	0.19421487603305781	0.001377410468319559	0.4421487603305785
doc 27--origin score:2.00, predict score:1.68 0.001572327044025157	0.300314465408805	0.001572327044025157	0.3160377358490566	0.09591194968553457	0.28459119496855345
doc 28--origin score:2.00, predict score:1.74 0.003496503496503496	0.003496503496503496	0.9825174825174824	0.003496503496503496	0.003496503496503496	0.003496503496503496
doc 29--origin score:1.25, predict score:1.57 0.13759689922480617	0.6027131782945736	0.0019379844961240308	0.04069767441860465	0.0019379844961240308	0.2151162790697674
doc 30--origin score:1.75, predict score:1.40 0.30037313432835816	0.0018656716417910445	0.6175373134328358	0.0018656716417910445	0.07649253731343282	0.0018656716417910445
doc 31--origin score:1.75, predict score:1.76 0.012850467289719628	0.5502336448598132	0.1530373831775701	0.2815420560747664	0.0011682242990654207	0.0011682242990654207
doc 32--origin score:0.00, predict score:1.35 0.11662817551963049	0.0011547344110854505	0.0011547344110854505	0.0011547344110854505	0.24364896073903006	0.6362586605080832
doc 33--origin score:0.75, predict score:1.15 0.2522831050228311	0.0011415525114155253	0.3207762557077626	0.012557077625570777	0.3664383561643836	0.04680365296803653
doc 34--origin score:1.50, predict score:1.72 0.016768292682926827	0.3521341463414634	0.0015243902439024389	0.19969512195121947	0.0015243902439024389	0.42835365853658536
doc 35--origin score:1.75, predict score:1.62 0.0021008403361344537	0.8214285714285713	0.0021008403361344537	0.08613445378151258	0.08613445378151258	0.0021008403361344537
doc 36--origin score:1.50, predict score:1.71 0.0021929824561403508	0.0021929824561403508	0.506578947368421	0.02412280701754386	0.0021929824561403508	0.462719298245614
doc 37--origin score:1.25, predict score:1.32 0.22945205479452058	0.20662100456621008	0.0011415525114155253	0.20662100456621008	0.24086757990867583	0.11529680365296804
doc 38--origin score:2.00, predict score:1.68 0.056291390728476824	0.0011037527593818987	0.0011037527593818987	0.4426048565121413	0.07836644591611479	0.42052980132450335
doc 39--origin score:1.50, predict score:1.63 0.02466367713004484	0.3609865470852018	0.5403587443946187	0.0022421524663677125	0.0695067264573991	0.0022421524663677125
doc 40--origin score:1.75, predict score:1.74 0.001457725947521866	0.2055393586005831	0.001457725947521866	0.33673469387755106	0.030612244897959186	0.424198250728863
doc 41--origin score:1.75, predict score:1.49 0.27013422818791943	0.0016778523489932883	0.5553691275167785	0.0016778523489932883	0.0016778523489932883	0.16946308724832213
doc 42--origin score:1.25, predict score:1.54 0.3226256983240224	0.0013966480446927377	0.2527932960893855	0.42039106145251404	0.0013966480446927377	0.0013966480446927377
doc 43--origin score:0.50, predict score:1.16 0.6243523316062175	0.36528497409326416	0.0025906735751295333	0.0025906735751295333	0.0025906735751295333	0.0025906735751295333
doc 44--origin score:1.75, predict score:1.74 0.0017985611510791368	0.21762589928057552	0.0017985611510791368	0.6492805755395683	0.1276978417266187	0.0017985611510791368
doc 45--origin score:2.00, predict score:1.43 0.06746031746031746	0.37169312169312174	0.001322751322751323	0.2658730158730159	0.2923280423280424	0.001322751322751323
doc 46--origin score:1.75, predict score:1.47 0.2980295566502463	0.0024630541871921183	0.6921182266009852	0.0024630541871921183	0.0024630541871921183	0.0024630541871921183
doc 47--origin score:1.75, predict score:1.54 0.15289256198347106	0.30440771349862256	0.001377410468319559	0.001377410468319559	0.001377410468319559	0.5385674931129476
doc 48--origin score:2.00, predict score:1.80 0.08013544018058692	0.1139954853273138	0.0011286681715575624	0.7686230248306999	0.03498871331828443	0.0011286681715575624
doc 49--origin score:1.75, predict score:0.90 0.9242424242424245	0.015151515151515157	0.015151515151515157	0.015151515151515157	0.015151515151515157	0.015151515151515157
doc 50--origin score:2.00, predict score:1.65 0.013002364066193853	0.22576832151300236	0.001182033096926714	0.08392434988179667	0.03664302600472813	0.6394799054373522
doc 51--origin score:2.00, predict score:1.43 0.1185897435897436	0.15064102564102563	0.0438034188034188	0.09722222222222222	0.1933760683760684	0.3963675213675214
doc 52--origin score:2.00, predict score:1.62 0.01474530831099196	0.0013404825737265418	0.0013404825737265418	0.336461126005362	0.14879356568364613	0.49731903485254697
doc 53--origin score:2.00, predict score:1.80 0.0016233766233766233	0.4724025974025974	0.0016233766233766233	0.4399350649350649	0.0016233766233766233	0.08279220779220778
doc 54--origin score:0.00, predict score:0.97 0.004065040650406504	0.004065040650406504	0.20731707317073167	0.004065040650406504	0.7764227642276423	0.004065040650406504
doc 55--origin score:2.00, predict score:1.82 0.021966527196652725	0.0010460251046025108	0.0010460251046025108	0.8064853556485356	0.07426778242677826	0.09518828451882846
doc 56--origin score:2.00, predict score:1.35 0.027061855670103097	0.16881443298969073	0.4394329896907217	0.0012886597938144332	0.3621134020618557	0.0012886597938144332
doc 57--origin score:1.75, predict score:1.15 0.6100427350427352	0.3536324786324787	0.011752136752136755	0.0010683760683760687	0.022435897435897443	0.0010683760683760687
doc 58--origin score:1.75, predict score:1.84 0.025821596244131453	0.025821596244131453	0.37793427230046944	0.5657276995305164	0.0023474178403755865	0.0023474178403755865
doc 59--origin score:1.50, predict score:1.79 0.0013774104683195595	0.3319559228650138	0.0013774104683195595	0.5523415977961433	0.04269972451790634	0.07024793388429752
doc 60--origin score:1.75, predict score:1.69 0.001976284584980237	0.9505928853754939	0.001976284584980237	0.04150197628458498	0.001976284584980237	0.001976284584980237
doc 61--origin score:1.50, predict score:1.52 0.19117647058823525	0.7373949579831932	0.0021008403361344537	0.0021008403361344537	0.0021008403361344537	0.06512605042016806
doc 62--origin score:1.25, predict score:1.82 0.0025906735751295338	0.3134715025906736	0.20984455958549222	0.4689119170984456	0.0025906735751295338	0.0025906735751295338
doc 63--origin score:0.50, predict score:1.76 0.007936507936507938	0.08730158730158731	0.7222222222222222	0.16666666666666669	0.007936507936507938	0.007936507936507938
doc 64--origin score:2.00, predict score:1.77 0.0021008403361344537	0.611344537815126	0.044117647058823525	0.31722689075630245	0.0021008403361344537	0.02310924369747899
doc 65--origin score:1.50, predict score:1.27 0.35846560846560843	0.34523809523809523	0.0013227513227513227	0.0013227513227513227	0.12037037037037035	0.17328042328042326
doc 66--origin score:1.00, predict score:1.69 0.0020161290322580645	0.7883064516129031	0.14314516129032254	0.0020161290322580645	0.0020161290322580645	0.06249999999999999
doc 67--origin score:1.00, predict score:1.61 0.002463054187192118	0.396551724137931	0.2487684729064039	0.19950738916256153	0.15024630541871917	0.002463054187192118
doc 68--origin score:2.00, predict score:1.52 0.13149350649350647	0.6185064935064934	0.0016233766233766233	0.0016233766233766233	0.05032467532467532	0.1964285714285714
doc 69--origin score:2.00, predict score:1.36 0.22486033519553073	0.0013966480446927373	0.1270949720670391	0.043296089385474856	0.15502793296089384	0.4483240223463687
doc 70--origin score:2.00, predict score:1.70 0.09442724458204335	0.0015479876160990715	0.0015479876160990715	0.7291021671826626	0.10990712074303406	0.06346749226006192
doc 71--origin score:2.00, predict score:1.81 0.0014367816091954023	0.36063218390804597	0.0014367816091954023	0.4755747126436781	0.0014367816091954023	0.15948275862068964
doc 72--origin score:1.50, predict score:1.54 0.028532608695652176	0.35461956521739135	0.0013586956521739132	0.35461956521739135	0.23233695652173916	0.028532608695652176
doc 73--origin score:2.00, predict score:1.53 0.312015503875969	0.0019379844961240308	0.3701550387596899	0.312015503875969	0.0019379844961240308	0.0019379844961240308
doc 74--origin score:2.00, predict score:1.65 0.001736111111111111	0.5572916666666666	0.001736111111111111	0.3142361111111111	0.12326388888888887	0.001736111111111111
doc 75--origin score:1.00, predict score:1.52 0.18941979522184296	0.7866894197952218	0.018771331058020476	0.001706484641638225	0.001706484641638225	0.001706484641638225
doc 76--origin score:1.75, predict score:1.68 0.00165016501650165	0.6782178217821782	0.00165016501650165	0.00165016501650165	0.00165016501650165	0.31518151815181517
doc 77--origin score:0.00, predict score:1.49 0.002890173410404624	0.26300578034682076	0.17630057803468208	0.26300578034682076	0.29190751445086704	0.002890173410404624
doc 78--origin score:1.25, predict score:1.78 0.014945652173913046	0.2595108695652174	0.3410326086956522	0.3682065217391305	0.014945652173913046	0.0013586956521739132
doc 79--origin score:1.50, predict score:1.57 0.12347560975609755	0.611280487804878	0.0015243902439024389	0.0015243902439024389	0.0015243902439024389	0.2606707317073171
doc 80--origin score:2.00, predict score:1.76 0.0013404825737265418	0.4302949061662199	0.2962466487935657	0.2560321715817695	0.01474530831099196	0.0013404825737265418
doc 81--origin score:2.00, predict score:1.76 0.00273224043715847	0.30327868852459017	0.3579234972677595	0.30327868852459017	0.03005464480874317	0.00273224043715847
doc 82--origin score:1.50, predict score:1.32 0.0019379844961240308	0.5445736434108527	0.0019379844961240308	0.0019379844961240308	0.3895348837209302	0.06007751937984495
doc 83--origin score:2.00, predict score:1.62 0.09010600706713778	0.8144876325088338	0.0724381625441696	0.019434628975265017	0.0017667844522968195	0.0017667844522968195
doc 84--origin score:1.25, predict score:1.65 0.05575539568345323	0.6672661870503597	0.0017985611510791366	0.05575539568345323	0.0017985611510791366	0.2176258992805755
doc 85--origin score:0.00, predict score:0.93 0.5350609756097562	0.0015243902439024393	0.0015243902439024393	0.09298780487804878	0.35213414634146345	0.016768292682926834
doc 86--origin score:0.75, predict score:1.44 0.0017361111111111112	0.0017361111111111112	0.4184027777777778	0.0017361111111111112	0.2795138888888889	0.296875
doc 87--origin score:1.75, predict score:1.80 0.0021459227467811154	0.0021459227467811154	0.6244635193133047	0.34549356223175964	0.023605150214592273	0.0021459227467811154
doc 88--origin score:2.00, predict score:1.40 0.35213414634146345	0.39786585365853666	0.24542682926829273	0.0015243902439024393	0.0015243902439024393	0.0015243902439024393
doc 89--origin score:1.75, predict score:1.62 0.12561576354679801	0.0024630541871921183	0.6182266009852216	0.027093596059113302	0.0024630541871921183	0.22413793103448273
doc 90--origin score:1.75, predict score:1.35 0.0016233766233766233	0.3425324675324675	0.27759740259740256	0.0016233766233766233	0.37499999999999994	0.0016233766233766233
doc 91--origin score:1.75, predict score:1.67 0.001597444089456869	0.3849840255591054	0.001597444089456869	0.001597444089456869	0.001597444089456869	0.6086261980830671
doc 92--origin score:1.50, predict score:1.53 0.21130952380952378	0.38988095238095233	0.21130952380952378	0.0625	0.002976190476190476	0.1220238095238095
doc 93--origin score:1.75, predict score:1.85 0.09517426273458447	0.001340482573726542	0.001340482573726542	0.8994638069705095	0.001340482573726542	0.001340482573726542
doc 94--origin score:1.50, predict score:1.80 0.001288659793814433	0.36211340206185566	0.001288659793814433	0.43943298969072164	0.001288659793814433	0.19458762886597936
doc 95--origin score:2.00, predict score:1.93 0.0017667844522968198	0.0017667844522968198	0.0017667844522968198	0.8851590106007067	0.0017667844522968198	0.107773851590106
doc 96--origin score:1.75, predict score:1.74 0.001572327044025157	0.410377358490566	0.14308176100628928	0.37893081761006286	0.06446540880503143	0.001572327044025157
doc 97--origin score:2.00, predict score:1.80 0.001322751322751323	0.42460317460317465	0.17328042328042328	0.3981481481481482	0.001322751322751323	0.001322751322751323
doc 98--origin score:1.75, predict score:1.76 0.0025906735751295333	0.028497409326424868	0.0025906735751295333	0.41709844559585485	0.028497409326424868	0.5207253886010362
doc 99--origin score:1.75, predict score:1.30 0.012415349887133185	0.1252821670428894	0.26072234762979685	0.0011286681715575622	0.40744920993227995	0.19300225733634313
doc 100--origin score:1.50, predict score:1.48 0.014550264550264553	0.02777777777777778	0.001322751322751323	0.14682539682539683	0.23941798941798945	0.5701058201058201
doc 101--origin score:0.00, predict score:1.74 0.0018315018315018313	0.3681318681318681	0.020146520146520144	0.5146520146520146	0.09340659340659338	0.0018315018315018313
doc 102--origin score:1.50, predict score:1.65 0.1408668730650155	0.5278637770897834	0.0015479876160990715	0.3266253869969041	0.0015479876160990715	0.0015479876160990715
doc 103--origin score:1.75, predict score:1.43 0.0013054830287206266	0.41906005221932113	0.04046997389033942	0.06657963446475194	0.2885117493472585	0.18407310704960833
doc 104--origin score:2.00, predict score:1.68 0.0019011406844106462	0.7433460076045626	0.0019011406844106462	0.0019011406844106462	0.0019011406844106462	0.24904942965779464
doc 105--origin score:2.00, predict score:1.88 0.0012254901960784316	0.0012254901960784316	0.013480392156862748	0.7487745098039217	0.013480392156862748	0.22181372549019612
doc 106--origin score:2.00, predict score:1.70 0.02466367713004484	0.8094170403587443	0.0022421524663677125	0.15919282511210758	0.0022421524663677125	0.0022421524663677125
doc 107--origin score:1.50, predict score:1.80 0.002463054187192118	0.002463054187192118	0.5689655172413792	0.396551724137931	0.0270935960591133	0.002463054187192118
doc 108--origin score:1.75, predict score:1.56 0.002403846153846154	0.2908653846153846	0.31490384615384615	0.002403846153846154	0.14663461538461536	0.2427884615384615
doc 109--origin score:1.75, predict score:1.63 0.057377049180327856	0.6584699453551911	0.0027322404371584695	0.0027322404371584695	0.0027322404371584695	0.2759562841530054
doc 110--origin score:2.00, predict score:1.71 0.0021929824561403508	0.30921052631578944	0.5723684210526316	0.0021929824561403508	0.0021929824561403508	0.11184210526315788
doc 111--origin score:2.00, predict score:1.67 0.001736111111111111	0.001736111111111111	0.43576388888888884	0.001736111111111111	0.03645833333333333	0.5225694444444444
doc 112--origin score:2.00, predict score:1.58 0.0013966480446927377	0.0013966480446927377	0.0013966480446927377	0.11312849162011174	0.12709497206703912	0.755586592178771
doc 113--origin score:2.00, predict score:1.68 0.0015243902439024393	0.18445121951219512	0.3368902439024391	0.3216463414634147	0.12347560975609756	0.03201219512195122
doc 114--origin score:1.50, predict score:1.52 0.17487684729064037	0.0024630541871921183	0.05172413793103448	0.0024630541871921183	0.0024630541871921183	0.7660098522167488
doc 115--origin score:1.00, predict score:1.78 0.03201219512195121	0.39786585365853655	0.0015243902439024389	0.4588414634146341	0.0015243902439024389	0.10823170731707316
doc 116--origin score:2.00, predict score:1.58 0.12534435261707988	0.001377410468319559	0.27685950413223137	0.001377410468319559	0.001377410468319559	0.59366391184573
doc 117--origin score:2.00, predict score:1.74 0.013647642679900747	0.522332506203474	0.001240694789081886	0.37344913151364767	0.038461538461538464	0.05086848635235732
doc 118--origin score:0.50, predict score:1.81 0.004424778761061946	0.004424778761061946	0.13716814159292032	0.7566371681415928	0.09292035398230086	0.004424778761061946
doc 119--origin score:0.50, predict score:1.58 0.16666666666666663	0.004065040650406504	0.6951219512195121	0.004065040650406504	0.004065040650406504	0.12601626016260162
doc 120--origin score:1.75, predict score:1.66 0.0013586956521739132	0.1644021739130435	0.21875000000000003	0.2051630434782609	0.09646739130434782	0.31385869565217395
doc 121--origin score:0.50, predict score:1.56 0.001182033096926714	0.20212765957446807	0.001182033096926714	0.001182033096926714	0.11938534278959809	0.6749408983451536
doc 122--origin score:2.00, predict score:1.75 0.0021459227467811154	0.0021459227467811154	0.9678111587982832	0.023605150214592273	0.0021459227467811154	0.0021459227467811154
doc 123--origin score:1.75, predict score:1.85 0.043209876543209874	0.0020576131687242796	0.2695473251028806	0.6810699588477366	0.0020576131687242796	0.0020576131687242796
doc 124--origin score:1.25, predict score:1.72 0.0024630541871921183	0.37192118226600984	0.5689655172413793	0.0024630541871921183	0.0024630541871921183	0.05172413793103448
doc 125--origin score:2.00, predict score:1.59 0.08854166666666666	0.21006944444444442	0.10590277777777776	0.12326388888888888	0.05381944444444445	0.4184027777777778
doc 126--origin score:1.50, predict score:1.15 0.0013404825737265418	0.4168900804289545	0.0013404825737265418	0.0013404825737265418	0.564343163538874	0.01474530831099196
doc 127--origin score:2.00, predict score:1.20 0.0014367816091954025	0.0014367816091954025	0.0014367816091954025	0.26005747126436785	0.5905172413793104	0.14511494252873564
doc 128--origin score:1.25, predict score:1.52 0.0021459227467811154	0.817596566523605	0.0021459227467811154	0.0021459227467811154	0.17381974248927035	0.0021459227467811154
doc 129--origin score:2.00, predict score:1.72 0.0032679738562091504	0.0032679738562091504	0.7222222222222222	0.0032679738562091504	0.0032679738562091504	0.2647058823529412
doc 130--origin score:2.00, predict score:1.44 0.3393782383419689	0.02849740932642487	0.6243523316062176	0.0025906735751295338	0.0025906735751295338	0.0025906735751295338
doc 131--origin score:2.00, predict score:1.62 0.0012254901960784316	0.0012254901960784316	0.0012254901960784316	0.4546568627450981	0.19730392156862747	0.34436274509803927
doc 132--origin score:1.25, predict score:1.62 0.06652360515021459	0.002145922746781116	0.002145922746781116	0.1094420600858369	0.023605150214592276	0.796137339055794
doc 133--origin score:1.75, predict score:1.81 0.0017361111111111112	0.0017361111111111112	0.07118055555555555	0.4878472222222222	0.0017361111111111112	0.4357638888888889
doc 134--origin score:2.00, predict score:1.53 0.13246268656716417	0.0018656716417910447	0.7667910447761194	0.0018656716417910447	0.09514925373134328	0.0018656716417910447
doc 135--origin score:1.50, predict score:1.66 0.07635467980295566	0.4950738916256157	0.3472906403940886	0.07635467980295566	0.002463054187192118	0.002463054187192118
doc 136--origin score:1.25, predict score:1.74 0.0013404825737265418	0.3498659517426274	0.5777479892761395	0.06836461126005362	0.0013404825737265418	0.0013404825737265418
doc 137--origin score:1.50, predict score:1.54 0.0479876160990712	0.6207430340557275	0.001547987616099071	0.001547987616099071	0.10990712074303403	0.218266253869969
doc 138--origin score:2.00, predict score:1.62 0.0013966480446927373	0.0013966480446927373	0.4762569832402234	0.029329608938547483	0.09916201117318434	0.3924581005586592
doc 139--origin score:1.50, predict score:1.71 0.001597444089456869	0.6725239616613418	0.08146964856230031	0.2092651757188498	0.03354632587859425	0.001597444089456869
doc 140--origin score:0.50, predict score:1.28 0.0017667844522968195	0.5671378091872791	0.0017667844522968195	0.0017667844522968195	0.42579505300353354	0.0017667844522968195
doc 141--origin score:0.00, predict score:1.94 0.0015243902439024393	0.07774390243902439	0.0015243902439024393	0.916158536585366	0.0015243902439024393	0.0015243902439024393
doc 142--origin score:1.50, predict score:1.79 0.002976190476190476	0.002976190476190476	0.6875	0.24107142857142855	0.002976190476190476	0.0625
doc 143--origin score:2.00, predict score:1.63 0.001736111111111111	0.45312499999999994	0.45312499999999994	0.001736111111111111	0.08854166666666664	0.001736111111111111
doc 144--origin score:2.00, predict score:1.46 0.04233870967741935	0.0020161290322580645	0.7076612903225805	0.0020161290322580645	0.24395161290322576	0.0020161290322580645
doc 145--origin score:1.75, predict score:1.61 0.08244680851063828	0.6143617021276595	0.08244680851063828	0.002659574468085106	0.002659574468085106	0.21542553191489355
doc 146--origin score:1.00, predict score:1.52 0.0724381625441696	0.16077738515901058	0.0017667844522968198	0.24911660777385158	0.1784452296819788	0.3374558303886926
doc 147--origin score:1.25, predict score:1.65 0.03846153846153845	0.9125874125874124	0.03846153846153845	0.0034965034965034956	0.0034965034965034956	0.0034965034965034956
doc 148--origin score:0.75, predict score:1.22 0.4391634980988593	0.07794676806083649	0.02091254752851711	0.0019011406844106462	0.09695817490494295	0.36311787072243346
doc 149--origin score:1.50, predict score:1.54 0.19014084507042248	0.3309859154929577	0.0023474178403755865	0.37793427230046944	0.09624413145539903	0.0023474178403755865
doc 150--origin score:0.00, predict score:0.94 0.43247126436781613	0.0014367816091954025	0.14511494252873564	0.0014367816091954025	0.4181034482758621	0.0014367816091954025
doc 151--origin score:2.00, predict score:1.80 0.001457725947521866	0.19096209912536444	0.016034985422740528	0.5845481049562683	0.04518950437317785	0.16180758017492713
doc 152--origin score:2.00, predict score:1.70 0.0015479876160990715	0.45046439628482976	0.0015479876160990715	0.4349845201238391	0.10990712074303406	0.0015479876160990715
doc 153--origin score:1.25, predict score:1.90 0.0016501650165016502	0.18316831683168316	0.034653465346534656	0.7772277227722773	0.0016501650165016502	0.0016501650165016502
doc 154--origin score:0.50, predict score:1.74 0.00568181818181818	0.00568181818181818	0.971590909090909	0.00568181818181818	0.00568181818181818	0.00568181818181818
doc 155--origin score:2.00, predict score:1.79 0.0020161290322580645	0.0020161290322580645	0.6068548387096774	0.26411290322580644	0.0020161290322580645	0.12298387096774192
doc 156--origin score:2.00, predict score:1.88 0.0014164305949008501	0.0014164305949008501	0.10056657223796034	0.7946175637393769	0.02974504249291785	0.07223796033994334
doc 157--origin score:1.00, predict score:0.88 0.3805803571428572	0.012276785714285716	0.0011160714285714287	0.0011160714285714287	0.5145089285714286	0.09040178571428571
doc 158--origin score:1.50, predict score:1.63 0.04427645788336933	0.0010799136069114472	0.0010799136069114472	0.42224622030237585	0.1306695464362851	0.4006479481641469
doc 159--origin score:1.50, predict score:1.06 0.03347732181425486	0.0010799136069114472	0.2926565874730022	0.0010799136069114472	0.6598272138228942	0.01187904967602592
doc 160--origin score:1.00, predict score:1.43 0.0014367816091954025	0.0014367816091954025	0.0014367816091954025	0.5617816091954023	0.43247126436781613	0.0014367816091954025
doc 161--origin score:2.00, predict score:1.88 0.001240694789081886	0.1253101736972705	0.001240694789081886	0.7580645161290324	0.013647642679900747	0.10049627791563276
doc 162--origin score:2.00, predict score:1.55 0.0010141987829614606	0.14300202839756593	0.04158215010141988	0.12271805273833672	0.17342799188640975	0.5182555780933064
doc 163--origin score:1.75, predict score:1.35 0.0017667844522968198	0.0017667844522968198	0.3374558303886926	0.2137809187279152	0.44346289752650175	0.0017667844522968198
doc 164--origin score:2.00, predict score:1.71 0.0012886597938144336	0.8260309278350518	0.01417525773195877	0.11726804123711344	0.0012886597938144336	0.03994845360824744
doc 165--origin score:1.75, predict score:1.70 0.0013404825737265418	0.0013404825737265418	0.49731903485254697	0.3766756032171582	0.12198391420911528	0.0013404825737265418
doc 166--origin score:2.00, predict score:1.51 0.15268456375838926	0.11912751677852348	0.43791946308724833	0.0016778523489932886	0.06879194630872483	0.2197986577181208
doc 167--origin score:1.75, predict score:1.47 0.025821596244131457	0.002347417840375587	0.6596244131455399	0.04929577464788733	0.2605633802816901	0.002347417840375587
doc 168--origin score:0.50, predict score:1.07 0.038461538461538464	0.2216117216117216	0.0934065934065934	0.0018315018315018315	0.6245421245421245	0.020146520146520148
doc 169--origin score:1.50, predict score:1.50 0.0011547344110854505	0.03579676674364896	0.0011547344110854505	0.5900692840646652	0.3706697459584296	0.0011547344110854505
doc 170--origin score:1.50, predict score:1.41 0.3245967741935484	0.5866935483870968	0.08266129032258063	0.0020161290322580645	0.0020161290322580645	0.0020161290322580645
doc 171--origin score:1.50, predict score:1.85 0.01162790697674419	0.00105708245243129	0.022198731501057088	0.8890063424947147	0.07505285412262158	0.00105708245243129
doc 172--origin score:2.00, predict score:1.64 0.0014792899408284025	0.031065088757396452	0.1346153846153846	0.5784023668639054	0.22337278106508876	0.031065088757396452
doc 173--origin score:1.75, predict score:1.28 0.47048611111111105	0.48784722222222215	0.001736111111111111	0.001736111111111111	0.001736111111111111	0.03645833333333333
doc 174--origin score:2.00, predict score:1.74 0.0027322404371584695	0.0027322404371584695	0.9863387978142074	0.0027322404371584695	0.0027322404371584695	0.0027322404371584695
doc 175--origin score:1.50, predict score:1.72 0.0026595744680851063	0.401595744680851	0.5877659574468085	0.0026595744680851063	0.0026595744680851063	0.0026595744680851063
doc 176--origin score:2.00, predict score:1.49 0.05032467532467533	0.03409090909090909	0.0016233766233766235	0.01785714285714286	0.1477272727272727	0.7483766233766234
doc 177--origin score:2.00, predict score:1.67 0.0014164305949008497	0.3980169971671388	0.015580736543909348	0.0014164305949008497	0.0014164305949008497	0.5821529745042492
doc 178--origin score:1.25, predict score:0.99 0.5950323974082073	0.0010799136069114472	0.0010799136069114472	0.10907127429805616	0.23866090712742982	0.0550755939524838
doc 179--origin score:1.25, predict score:1.53 0.22337278106508876	0.031065088757396452	0.6523668639053255	0.0014792899408284025	0.0014792899408284025	0.09023668639053255
doc 180--origin score:0.00, predict score:0.83 0.32808716707021796	0.0012106537530266344	0.0012106537530266344	0.03753026634382567	0.6307506053268765	0.0012106537530266344
doc 181--origin score:2.00, predict score:1.65 0.0010917030567685591	0.0010917030567685591	0.1866812227074236	0.0010917030567685591	0.03384279475982533	0.7762008733624454
doc 182--origin score:1.75, predict score:1.21 0.0025252525252525255	0.05303030303030303	0.4065656565656566	0.0025252525252525255	0.5328282828282829	0.0025252525252525255
doc 183--origin score:2.00, predict score:1.22 0.0015479876160990715	0.0015479876160990715	0.3730650154798762	0.07894736842105263	0.543343653250774	0.0015479876160990715
doc 184--origin score:1.50, predict score:1.65 0.0021459227467811154	0.43133047210300424	0.0021459227467811154	0.0021459227467811154	0.023605150214592273	0.53862660944206
doc 185--origin score:1.25, predict score:1.69 0.14473684210526316	0.22846889952153113	0.1925837320574163	0.4318181818181819	0.001196172248803828	0.001196172248803828
doc 186--origin score:1.25, predict score:1.73 0.0011286681715575622	0.012415349887133185	0.08013544018058691	0.5316027088036118	0.10270880361173815	0.2720090293453725
doc 187--origin score:1.00, predict score:1.77 0.0018656716417910447	0.1884328358208955	0.0018656716417910447	0.35634328358208955	0.0018656716417910447	0.4496268656716418
doc 188--origin score:0.75, predict score:1.35 0.0019011406844106464	0.039923954372623575	0.49619771863117873	0.058935361216730035	0.40114068441064643	0.0019011406844106464
doc 189--origin score:1.50, predict score:1.39 0.14620535714285715	0.0011160714285714287	0.0011160714285714287	0.5145089285714286	0.33593750000000006	0.0011160714285714287
doc 190--origin score:1.25, predict score:1.16 0.22176308539944908	0.359504132231405	0.015151515151515154	0.015151515151515154	0.359504132231405	0.028925619834710748
doc 191--origin score:0.50, predict score:1.28 0.4775132275132275	0.34523809523809523	0.0013227513227513227	0.0013227513227513227	0.0013227513227513227	0.17328042328042326
doc 192--origin score:2.00, predict score:1.44 0.16666666666666669	0.16666666666666669	0.16666666666666669	0.16666666666666669	0.16666666666666669	0.16666666666666669
doc 193--origin score:0.00, predict score:1.05 0.28308823529411764	0.0012254901960784314	0.0012254901960784314	0.0012254901960784314	0.41789215686274506	0.29534313725490197
doc 194--origin score:1.25, predict score:1.82 0.00273224043715847	0.27595628415300544	0.00273224043715847	0.5218579234972678	0.00273224043715847	0.19398907103825136
doc 195--origin score:2.00, predict score:1.76 0.0016233766233766233	0.37499999999999994	0.0016233766233766233	0.31006493506493504	0.0016233766233766233	0.31006493506493504
doc 196--origin score:1.00, predict score:1.67 0.0034965034965034956	0.7027972027972026	0.0034965034965034956	0.0034965034965034956	0.0034965034965034956	0.2832167832167831
doc 197--origin score:2.00, predict score:1.66 0.0011547344110854505	0.0011547344110854505	0.0011547344110854505	0.45150115473441116	0.151270207852194	0.3937644341801386
doc 198--origin score:0.00, predict score:1.77 0.005376344086021505	0.11290322580645161	0.3817204301075268	0.4354838709677419	0.05913978494623656	0.005376344086021505
doc 199--origin score:2.00, predict score:1.70 0.0015479876160990715	0.5278637770897834	0.23374613003095976	0.1873065015479876	0.04798761609907121	0.0015479876160990715
doc 200--origin score:1.25, predict score:1.79 0.001288659793814433	0.1688144329896907	0.23324742268041238	0.3492268041237113	0.001288659793814433	0.2461340206185567
doc 201--origin score:1.75, predict score:1.53 0.3210862619808306	0.2412140575079872	0.001597444089456869	0.43290734824281146	0.001597444089456869	0.001597444089456869
doc 202--origin score:2.00, predict score:1.46 0.0021008403361344537	0.21218487394957983	0.04411764705882353	0.2752100840336134	0.3172268907563025	0.14915966386554622
doc 203--origin score:1.75, predict score:1.85 0.0021459227467811154	0.38841201716738194	0.0021459227467811154	0.6030042918454935	0.0021459227467811154	0.0021459227467811154
doc 204--origin score:2.00, predict score:1.83 0.00165016501650165	0.03465346534653465	0.5627062706270627	0.3976897689768977	0.00165016501650165	0.00165016501650165
doc 205--origin score:1.50, predict score:1.71 0.001597444089456869	0.3690095846645367	0.001597444089456869	0.4009584664536741	0.08146964856230031	0.14536741214057505
doc 206--origin score:2.00, predict score:1.62 0.05726256983240224	0.12709497206703912	0.0013966480446927377	0.33659217877094977	0.11312849162011174	0.36452513966480454
doc 207--origin score:1.00, predict score:1.43 0.16977611940298507	0.16977611940298507	0.5055970149253731	0.0018656716417910447	0.15111940298507462	0.0018656716417910447
doc 208--origin score:1.00, predict score:1.69 0.0025906735751295333	0.8834196891191708	0.10621761658031084	0.0025906735751295333	0.0025906735751295333	0.0025906735751295333
doc 209--origin score:1.75, predict score:1.51 0.001272264631043257	0.1921119592875318	0.16666666666666669	0.001272264631043257	0.1921119592875318	0.4465648854961833
doc 210--origin score:2.00, predict score:1.35 0.19712793733681463	0.0013054830287206269	0.0013054830287206269	0.0013054830287206269	0.1710182767624021	0.6279373368146215
doc 211--origin score:2.00, predict score:1.58 0.0014367816091954025	0.26005747126436785	0.05890804597701149	0.43247126436781613	0.24568965517241384	0.0014367816091954025
doc 212--origin score:1.25, predict score:1.13 0.6813031161473089	0.015580736543909351	0.2988668555240794	0.0014164305949008501	0.0014164305949008501	0.0014164305949008501
doc 213--origin score:1.50, predict score:1.30 0.423076923076923	0.423076923076923	0.03846153846153846	0.03846153846153846	0.03846153846153846	0.03846153846153846
doc 214--origin score:2.00, predict score:1.71 0.04725609756097562	0.35213414634146345	0.4740853658536586	0.12347560975609756	0.0015243902439024393	0.0015243902439024393
doc 215--origin score:1.75, predict score:1.84 0.002403846153846154	0.002403846153846154	0.05048076923076923	0.6033653846153846	0.002403846153846154	0.33894230769230765
doc 216--origin score:1.00, predict score:1.55 0.12939297124600638	0.4968051118210862	0.12939297124600638	0.16134185303514373	0.08146964856230031	0.001597444089456869
doc 217--origin score:2.00, predict score:1.64 0.05477031802120141	0.65547703180212	0.10777385159010598	0.019434628975265017	0.0017667844522968195	0.16077738515901058
doc 218--origin score:1.50, predict score:1.70 0.0032679738562091496	0.6241830065359476	0.36274509803921556	0.0032679738562091496	0.0032679738562091496	0.0032679738562091496
doc 219--origin score:1.75, predict score:1.71 0.0030674846625766863	0.49386503067484655	0.156441717791411	0.27914110429447847	0.06441717791411042	0.0030674846625766863
doc 220--origin score:1.50, predict score:1.70 0.0018315018315018313	0.0018315018315018313	0.6062271062271062	0.0018315018315018313	0.020146520146520144	0.3681318681318681
doc 221--origin score:2.00, predict score:1.70 0.0012106537530266342	0.0012106537530266342	0.4612590799031477	0.0012106537530266342	0.0012106537530266342	0.5338983050847457
doc 222--origin score:0.00, predict score:1.68 0.0018656716417910445	0.9906716417910446	0.0018656716417910445	0.0018656716417910445	0.0018656716417910445	0.0018656716417910445
doc 223--origin score:2.00, predict score:1.34 0.20258620689655168	0.24568965517241378	0.0732758620689655	0.044540229885057465	0.20258620689655168	0.23132183908045975
doc 224--origin score:2.00, predict score:1.31 0.2332474226804124	0.20747422680412375	0.0012886597938144332	0.20747422680412375	0.24613402061855674	0.10438144329896908
doc 225--origin score:1.75, predict score:1.61 0.10777385159010598	0.5848056537102473	0.30212014134275617	0.0017667844522968195	0.0017667844522968195	0.0017667844522968195
doc 226--origin score:1.75, predict score:1.52 0.0011160714285714287	0.11272321428571429	0.0011160714285714287	0.5479910714285715	0.33593750000000006	0.0011160714285714287
doc 227--origin score:1.25, predict score:1.73 0.0028089887640449437	0.0028089887640449437	0.7893258426966292	0.0028089887640449437	0.0028089887640449437	0.199438202247191
doc 228--origin score:2.00, predict score:1.41 0.10175879396984924	0.026381909547738697	0.36557788944723624	0.013819095477386937	0.22738693467336688	0.2650753768844221
doc 229--origin score:2.00, predict score:1.69 0.0019379844961240308	0.7771317829457364	0.1957364341085271	0.0019379844961240308	0.0019379844961240308	0.02131782945736434
doc 230--origin score:1.25, predict score:1.47 0.24937965260545905	0.5347394540942928	0.0012406947890818859	0.0012406947890818859	0.0012406947890818859	0.21215880893300249
doc 231--origin score:0.50, predict score:1.75 0.0015243902439024393	0.0015243902439024393	0.26067073170731714	0.6112804878048781	0.12347560975609756	0.0015243902439024393
doc 232--origin score:1.50, predict score:1.42 0.001597444089456869	0.35303514376996803	0.04952076677316294	0.1932907348242811	0.33706070287539935	0.06549520766773162
doc 233--origin score:1.75, predict score:1.38 0.4011406844106464	0.0019011406844106462	0.5912547528517109	0.0019011406844106462	0.0019011406844106462	0.0019011406844106462
doc 234--origin score:0.25, predict score:1.47 0.22932330827067668	0.0037593984962406013	0.0037593984962406013	0.0037593984962406013	0.0037593984962406013	0.7556390977443609
doc 235--origin score:2.00, predict score:1.68 0.001976284584980237	0.9901185770750986	0.001976284584980237	0.001976284584980237	0.001976284584980237	0.001976284584980237
